[gd_scene load_steps=3 format=2]

[ext_resource path="res://scripts/camera_control.gd" type="Script" id=1]
[ext_resource path="res://scripts/player_rotation.gd" type="Script" id=2]

[node name="Spatial" type="Spatial"]

[node name="CSGBox" type="CSGBox" parent="."]
transform = Transform( 1, 0, 0, 0, 1, 0, 0, 0, 1, 0, 2.17143, 0 )
script = ExtResource( 2 )

[node name="DirectionalLight" type="DirectionalLight" parent="."]
transform = Transform( 0.707107, -0.5, 0.5, 0, 0.707107, 0.707107, -0.707107, -0.5, 0.5, 8, 8, 8 )
light_color = Color( 0.968627, 0.796078, 0.388235, 1 )

[node name="Gimbal" type="Spatial" parent="."]
transform = Transform( 1, 0, 0, 0, 1, 0, 0, 0, 1, 0, 2.171, 0 )
script = ExtResource( 1 )

[node name="InnerGimbal" type="Spatial" parent="Gimbal"]
transform = Transform( 0.707107, 0, 0.707107, 0, 1, 0, -0.707107, 0, 0.707107, 0, 0, 0 )

[node name="Camera" type="Camera" parent="Gimbal/InnerGimbal"]
transform = Transform( 1, 0, 0, 0, 0.903851, 0.427847, 0, -0.427847, 0.903851, 0.156617, 4.35231, 5.38164 )
